37880
38001
38003
31705
32376
33923
34262
34600
34995
35170
35230
35392
35449
35453
35471
35472
35512
35513
35540
35647
35690
35726
35727
35750
35787
35810
35833
35846
35849
35894
35911
35959
35991
35999
36002
36004
36014
36033
36034
36050
36051
36062
36068
36069
36070
36083
36088
36089
36090
36102
36111
36114
36115
36144
36152
36165
36166
36168
36171
36177
36183
36184
36187
36194
36195
36202
36203
36209
36210
36211
36215
36218
36219
36221
36222
36223
36224
36249
36250
36251
36261
36263
36264
36266
36267
36268
36271
36278
36282
36290
36291
36292
36295
36299
36305
36314
36321
36330
36334
36336
36339
36351
36370
36377
36384
36385
36387
36410
36425
36434
36439
36442
36444
36454
36460
36470
36471
36488
36491
36493
36504
36506
36508
36509
36518
36536
36537
36541
36547
36550
36551
36553
36560
36567
36568
36592
36596
36599
36609
36614
36630
36634
36654
36658
36661
36664
36665
36674
36675
36678
36679
36680
36683
36684
36690
36723
36759
36762
36763
36786
36794
36795
36808
36809
36811
36812
36813
36814
36822
36823
36831
36835
36848
36855
36857
36866
36869
36871
36872
36873
36878
36880
36881
36882
36883
36885
36889
36894
36896
36899
36900
36903
36907
36912
36917
36918
36919
36921
36933
36935
36945
36951
36955
36956
36957
36958
36966
36972
36973
36974
36975
36976
36979
36981
36983
36984
36986
37008
37009
37014
37015
37018
37024
37033
37034
37047
37069
37070
37086
37088
37100
37102
37104
37110
37111
37118
37121
37126
37129
37132
37133
37139
37140
37151
37177
37192
37216
37218
37237
37239
37241
37248
37267
37268
37272
37288
37289
37290
37303
37305
37306
37315
37319
37321
37323
37332
37333
37339
37347
37349
37351
37360
37366
37372
37378
37380
37386
37390
37394
37395
37406
37410
37419
37421
37434
37436
37452
37462
37464
37469
37473
37484
37501
37507
37512
37526
37527
37535
37551
37563
37564
37570
37571
37572
37574
37584
37600
37601
37610
37611
37627
37643
37646
37655
37656
37658
37667
37668
37669
37680
37682
37683
37684
37688
37692
37711
37714
37721
37722
37725
37727
37728
37731
37733
37741
37744
37745
37749
37753
37755
37757
37758
37761
37762
37773
37776
37778
37784
37789
37793
37795
37802
37803
37811
37819
37823
37826
37828
37832
37836
37843
37845
37846
37852
37859
37867
37870
37875
37886
37898
37899
37902
37913
37922
37924
37926
37929
37930
37932
37943
37958
37960
37968
37981
37985
37987
37999
38016
38017
38019
38023
38041
38051
38053
38056
38061
38083
38085
38087
38089
38090
38091
38094
38102
38113
38114
38130
38148
38149
38150
38152
38156
38157
38159
38174
38188
38190
38192
38198
38253
38255
38256
38271
38286
38314