37655
37656
37658
37667
37668
37669
37680
37682
37683
37684
37688
37692
37711
37714
37721
37722
37725
37727
37728
37731
37733
37741
37744
37745
37749
37753
37755
37757
37758
37761
37762
37773
37776
37778
37784
37789
37793
37795
37802
37803
37811
37819
37823
37826
37828
37832
37836
37843
37845
37846
37852
37859
37867
37870
37875
37886
37898
37899
37902
37913
37922
37924
37926
37929
37930
37932
37943
37958
37960
37968
37981
37985
37987
37999
38016
38017
38019
38023
38041
38051
38053
38056
38061
38083
38085
38087
38089
38090
38091
38094
38102
38113
38114
38130
38148
38149
38150
38152
38156
38157
38159
38174
38188
38190
38192
38198
38253
38255
38256
38271
38286
38314